f+-----------+-----------------------+-----------------------+-----------------------+-----------------------+-----------------------+-----------------------+
| Iteration | Baseline 1 - Accuracy | Baseline 1 - Coverage | Baseline 2 - Accuracy | Baseline 2 - Coverage | Baseline 3 - Accuracy | Baseline 3 - Coverage |
+-----------+-----------------------+-----------------------+-----------------------+-----------------------+-----------------------+-----------------------+
|     0     |   5,9880239520958085  |   11,368421052631579  |   4,211956521739131   |   9,789473684210526   |   5,052005943536404   |   6,7368421052631575  |
|     1     |    5,36144578313253   |   10,069790628115653  |    3,73387644263408   |   9,072781655034895   |   3,1914893617021276  |   3,589232303090728   |
|     2     |   4,8250904704463204  |   8,917835671342687   |   3,278688524590164   |   7,414829659318638   |   3,0303030303030303  |   3,707414829659319   |
|     3     |   4,1843541540327465  |   8,996539792387544   |   2,815934065934066   |   7,7277970011534025  |   2,676056338028169   |   3,575547866205306   |
|     4     |   4,363636363636364   |   7,183908045977011   |   2,6822558459422283  |   6,130268199233716   |   3,3175355450236967  |   3,065134099616858   |
|  -------  |        -------        |        -------        |        -------        |        -------        |        -------        |        -------        |
|  Average  |          4,94         |          9,31         |          3,34         |          8,03         |          3,45         |          4,13         |
+-----------+-----------------------+-----------------------+-----------------------+-----------------------+-----------------------+-----------------------+