+-----------+-----------------------+-----------------------+-----------------------+-----------------------+-----------------------+-----------------------+
| Iteration | Baseline 1 - Accuracy | Baseline 1 - Coverage | Baseline 2 - Accuracy | Baseline 2 - Coverage | Baseline 3 - Accuracy | Baseline 3 - Coverage |
+-----------+-----------------------+-----------------------+-----------------------+-----------------------+-----------------------+-----------------------+
|     0     |   7,747395833333333   |   5,743043220840734   |   4,821213338690237   |   5,1213735938425105  |   3,9365079365079367  |   4,381290704558911   |
|     1     |    8,63958736299162   |   6,471816283924843   |   5,487077534791252   |   6,770056665672532   |   4,506172839506172   |   4,592901878914405   |
|     2     |   7,953063885267275   |   5,916088137639601   |   4,807692307692308   |   5,765167521883489   |   4,130162703379224   |   4,829459704195593   |
|     3     |   8,591731266149871   |   5,942275042444821   |   5,267358339984039   |   5,857385398981324   |   3,282994090610637   |   3,338992642897567   |
|     4     |    7,55813953488372   |   6,0650454145912684  |   5,143540669856459   |   6,211544096103135   |   4,794520547945205   |   4,893055962496338   |
|  -------  |        -------        |        -------        |        -------        |        -------        |        -------        |        -------        |
|  Average  |          8,1          |          6,03         |          5,11         |          5,95         |          4,13         |          4,41         |
+-----------+-----------------------+-----------------------+-----------------------+-----------------------+-----------------------+-----------------------+