+-----------+-----------------------+-----------------------+-----------------------+-----------------------+-----------------------+-----------------------+
| Iteration | Baseline 1 - Accuracy | Baseline 1 - Coverage | Baseline 2 - Accuracy | Baseline 2 - Coverage | Baseline 3 - Accuracy | Baseline 3 - Coverage |
+-----------+-----------------------+-----------------------+-----------------------+-----------------------+-----------------------+-----------------------+
|     0     |   6,2460961898813245  |   5,110294117647059   |   4,232804232804233   |         0,625         |   4,262877442273535   |   3,3823529411764706  |
|     1     |   6,4576802507836994  |   4,965567234505255   |   5,263157894736842   |   0,6886553098948894  |   3,904170363797693   |   2,6458861906487856  |
|     2     |    6,60024906600249   |   5,255527364987314   |    4,27807486631016   |   0,9423704240666908  |   5,323868677905945   |   4,168176875679594   |
|     3     |   5,915670232850849   |   4,686289697908598   |   5,7894736842105265  |   0,9682416731216111  |   3,9451114922813035  |   3,369481022463207   |
|     4     |    6,52856246076585   |   4,923535994032078   |   3,225806451612903   |   0,5594927265945543  |   4,366812227074235   |   3,245057814248415   |
|  -------  |        -------        |        -------        |        -------        |        -------        |        -------        |        -------        |
|  Average  |          6,35         |          4,99         |          4,56         |          0,76         |          4,36         |          3,36         |
+-----------+-----------------------+-----------------------+-----------------------+-----------------------+-----------------------+-----------------------+